59446.6 59446.583333  10.2566099637631 0.00024842 6.372574933043012
59446.6 59446.586109  10.25602967472 0.00028916 6.372574933043012
59446.6 59446.588887  10.2558042358924 9.838e-05 6.372574933043012
59446.6 59446.591666  10.2557540024488 0.00021625 6.372574933043012
59446.6 59446.594443  10.2560026483277 0.00010016 6.372574933043012
59446.6 59446.59722  10.2560255630489 0.00059294 6.372574933043012
59446.6 59446.599997  10.2561331592326 0.00027366 6.372574933043012
59446.6 59446.602774  10.2565040414548 0.00022018 6.372574933043012
59446.6 59446.605554  10.2562406158593 0.00029904 6.372574933043012
59446.6 59446.608332  10.2564126177156 0.00025294 6.372574933043012
